1
2
2
2
3
1
86
4
8
1
4
4
5
14
1
86
6
20
26
30
1
36
1
7
1
86
14
15
16
1
86
86
21
22
1
86
27
28
36
40
1
68
1
36
37
1
86
86
33
34
1
86
86
30
31
40
1
86
86
32
46
59
71
1
86
77
1
86
69
1
86
32
33
34
1
86
86
86
36
46
1
86
86
37
57
63
79
1
86
85
1
77
78
1
86
86
38
52
1
86
86
33
34
58
1
86
86
35
69
75
79
1
86
85
64
36
1
86
86
39
86
86
86
37
40
86
7
7
8
46
53
59
63
1
69
1
38
1
86
86
86
39
40
1
86
82
44
52
62
68
72
1
78
1
86
70
1
86
86
86
45
46
1
86
86
50
51
52
61
67
71
1
86
77
1
86
79
1
86
86
86
51
52
1
86
86
86
63
64
70
76
80
1
86
86
1
86
79
1
86
86
86
57
58
1
86
86
49
50
64
70
76
80
1
86
86
